kfold = 5, S1-4+T+RH->CO, lassocv with norm                                                       RH
[[0.23744010694158613, 0.0065783027520598348, 0.3409441686101996, 0.20412363568020081]] 346      10-20
[[0.20077730865381521, -0.00062604070239926897, 0.30462571656569337, 0.13800426604096747]] 852
[[0.26127541684498101, -0.0017461394573214095, 0.38922189609203411, 0.21356427891264271]] 1200
[[0.26894644562086922, -0.004021902907247488, 0.39453182573657386, 0.2557969794082654]] 1389
[[0.32041133172104236, 0.00056513219882758925, 0.54004356324266589, 0.27269331272636321]] 1413
[[0.28594815758910735, 0.0052281558430734825, 0.4409007441276156, 0.19631766610927723]] 1187
[[0.30614667283058022, -0.0037763033584297875, 0.45862874680604976, 0.20660547688884864]] 733
[[0.37415414177932788, -0.069186818077855136, 0.54122884921742875, 0.42064216160520063]] 237

kfold = 5, S1-4+T->CO, lassocv with norm                                                        
[[0.19950550746134355, 0.033988395406428923, 0.2625111739141256, 0.10248168000402851]] 493       2004-3
[[0.21868759030145921, -0.0029316880313356858, 0.30312960375754927, 0.10886817489754372]] 468
[[0.37035925896839916, -0.068699351084244145, 0.46874603947067917, 0.35216189430472455]] 592
[[0.19334641539326555, -0.010384966866210094, 0.25552741038943677, 0.14704258122199448]] 607
[[0.23349826685014258, 0.017843538875372211, 0.302148800600399, 0.21588286252218675]] 558
[[0.14570989484665497, 0.012145026119058475, 0.20222501006315713, 0.21497750827524964]] 428
[[0.26278352960939544, -0.078084464472568796, 0.34236224742537114, 0.16867785163390478]] 555
[[0.26089815280601297, -0.020012140963784463, 0.34029186809575163, 0.11411526591366275]] 392
[[0.75323689168208519, -0.28625274296900194, 0.95432117683163731, 0.51731867484899452]] 679
[[0.41653933714682589, 0.098383668256678727, 0.59895140891234955, 0.16770013732488981]] 560
[[0.48974701105310314, -0.0083877739637461222, 0.68546374311929414, 0.5800235245641211]] 617
[[0.3164134881875233, -0.033488090985877753, 0.46043440154251325, 0.18540240865672614]] 588
[[0.33909768361553205, 0.00663897582285068, 0.47712427135690422, 0.36059583188141453]] 723
 
kfold = 5, S1-4+T+RH->C6H6, linear                                                                  RH
[[0.024052995507780613, 0.0040185723186212455, 0.03439770792211156, 0.0035758076556321921]] 411    10-20
[[0.022015905628963585, 0.0037771345562316412, 0.032348725435984632, 0.0033594838644909275]] 1018
[[0.030398179542614884, 0.00065930687498672643, 0.045002188218632458, 0.008952371686565248]] 1419
[[0.033608032429176746, 0.00042539496352711492, 0.04722053427867344, 0.0099746968158217434]] 1746
[[0.037696452882201421, -0.0015640777245950178, 0.053869010941514597, 0.0110709909087929]] 1756
[[0.039744979823543004, -0.0015959959361869023, 0.059575746162060329, 0.0091463986146829747]] 1469
[[0.040027440413511708, 0.001847939636323706, 0.06389900915760463, 0.0093180649116780777]] 910
[[0.039160149985568431, 0.0022541022698211897, 0.053807138888872862, 0.01109820514444127]] 272

kfold = 5, S1-4+T+RH->C6H6, linear
[[0.041594295742885319, -0.0022497776902948678, 0.053687605076826177, 0.011399258399183132]] 1934  spring
[[0.050286881000059958, -0.011416116929832623, 0.06627495488988995, 0.011950847431379169]] 2120    summer
[[0.055834738401905441, -0.00074924376439357288, 0.073901006600234201, 0.01551133139804943]] 2165  autumn
[[0.12959832475611269, -0.018392547354371704, 0.21010135384641074, 0.068536462601068701]] 1943     winter

kfold = 5, S1-4+T+RH->C6H6, linear
[[0.026396661035789314, 0.00091529519218340428, 0.039988677218714894, 0.0078407703336579107]] 511  2004-3
[[0.013651514046531751, -0.00044064209201199762, 0.020878845685508005, 0.0028710264558332488]] 693 
[[0.020386804880468984, 0.0057029714684891653, 0.032201321319136188, 0.0032966738758779105]] 730
[[0.017417175064280817, -0.00025614586711501667, 0.023595223783097325, 0.0035282660317287385]] 682
[[0.014825036967043376, 0.0022288167525140491, 0.021299333026623696, 0.0023030843768191088]] 743
[[0.010067074527236024, -0.00037680667435808916, 0.016167876590954703, 0.001789681999431824]] 695
[[0.02890068392090852, -0.00020483543359496245, 0.039767079295243035, 0.0055039870917376393]] 702
[[0.013359247827109672, -0.0001877200526076448, 0.018859322538639638, 0.0022049935123108124]] 743
[[0.04170512004056353, -0.018557452968911474, 0.091573367471712214, 0.0082778452338237024]] 720
[[0.058637349029441323, 0.0058460176894508465, 0.090395808106950429, 0.011706345943991239]] 664
[[0.013931188715948528, -6.7094681926758298e-05, 0.019258277548634437, 0.005701150867585999]] 683
[[0.011016932877035108, -0.0023074639138925155, 0.031603805425313283, 0.0044978262829829495]] 596
[[0.026517787933713725, -0.011989293583276517, 0.03688289890183729, 0.015448430192271856]] 743
